0	3481406
5	101782
10	111794
15	293721
20	82173
25	212747
30	29296
35	52717
40	73398
45	9999
50	124252
55	20702
60	69172
65	37477
70	14358
75	27509
80	15918
85	10985
90	11435
95	6413
100	41361
105	7007
110	8459
115	9588
120	5753
125	6577
130	5016
135	3756
140	4957
145	3321
150	4689
155	2726
160	2724
165	2219
170	1492
175	1916
180	2371
185	1799
190	1394
195	1291
200	10281
205	1127
210	1071
215	2073
220	1165
225	1896
230	1212
235	986
240	1000
245	782
250	6756
255	943
260	1079
265	1574
270	879
275	2114
280	1028
285	980
290	1117
295	774
300	1512
305	1635
310	5044
315	1386
320	1083
325	1207
330	912
335	800
340	912
345	766
350	920
355	621
360	644
365	714
370	687
375	647
380	620
385	581
390	608
395	538
400	1120
405	547
410	560
415	610
420	526
425	676
430	513
435	545
440	505
445	419
450	565
455	415
460	398
465	394
470	352
475	464
480	378
485	321
490	322
495	304
500	1585
505	324
510	360
515	334
520	282
525	331
530	274
535	341
540	384
545	241
550	386
555	281
560	337
565	264
570	251
575	286
580	243
585	225
590	257
595	223
600	251
605	197
610	171
615	221
620	202
625	157
630	178
635	140
640	155
645	139
650	169
655	134
660	146
665	132
670	128
675	134
680	118
685	115
690	102
695	112
700	438
705	107
710	113
715	137
720	113
725	168
730	89
735	92
740	101
745	85
750	112
755	73
760	92
765	84
770	81
775	83
780	68
785	66
790	70
795	68
800	327
805	72
810	93
815	78
820	80
825	108
830	59
835	61
840	80
845	70
850	88
855	59
860	66
865	60
870	64
875	57
880	48
885	60
890	53
895	40
900	418
905	62
910	53
915	100
920	50
925	85
930	66
935	47
940	52
945	37
950	72
955	44
960	35
965	46
970	33
975	53
980	45
985	30
990	38
995	28
1000	306
1005	34
1010	35
1015	66
1020	28
1025	139
1030	45
1035	30
1040	37
1045	37
1050	39
1055	47
1060	40
1065	48
1070	37
1075	36
1080	32
1085	36
1090	42
1095	29
1100	43
1105	28
1110	20
1115	32
1120	30
1125	42
1130	32
1135	27
1140	32
1145	28
1150	35
1155	20
1160	24
1165	29
1170	32
1175	34
1180	29
1185	40
1190	25
1195	27
1200	26
1205	22
1210	32
1215	31
1220	22
1225	34
1230	25
1235	23
1240	29
1245	26
1250	23
1255	29
1260	23
1265	26
1270	26
1275	34
1280	25
1285	24
1290	21
1295	27
1300	27
1305	32
1310	23
1315	29
1320	27
1325	26
1330	19
1335	25
1340	24
1345	21
1350	20
1355	22
1360	17
1365	26
1370	16
1375	22
1380	22
1385	26
1390	18
1395	33
1400	55
1405	22
1410	20
1415	22
1420	31
1425	26
1430	28
1435	24
1440	17
1445	22
1450	19
1455	24
1460	24
1465	13
1470	19
1475	27
1480	21
1485	19
1490	16
1495	19
1500	20
1505	51
1510	271
1515	61
1520	50
1525	40
1530	35
1535	23
1540	31
1545	23
1550	30
1555	20
1560	32
1565	26
1570	16
1575	28
1580	11
1585	14
1590	22
1595	18
1600	37
1605	22
1610	25
1615	23
1620	33
1625	30
1630	27
1635	21
1640	15
1645	18
1650	35
1655	15
1660	19
1665	19
1670	22
1675	21
1680	12
1685	24
1690	22
1695	17
1700	17
1705	16
1710	15
1715	21
1720	14
1725	10
1730	13
1735	16
1740	29
1745	17
1750	11
1755	18
1760	24
1765	15
1770	24
1775	11
1780	19
1785	21
1790	17
1795	22
1800	20
1805	18
1810	14
1815	13
1820	22
1825	21
1830	20
1835	26
1840	25
1845	16
1850	17
1855	16
1860	14
1865	20
1870	16
1875	20
1880	19
1885	7
1890	22
1895	19
1900	25
1905	22
1910	20
1915	18
1920	13
1925	20
1930	19
1935	9
1940	16
1945	19
1950	13
1955	15
1960	21
1965	24
1970	16
1975	21
1980	21
1985	5
1990	16
1995	14
2000	11
2005	21
2010	11
2015	13
2020	21
2025	25
2030	19
2035	12
2040	13
2045	11
2050	15
2055	9
2060	15
2065	9
2070	13
2075	15
2080	12
2085	15
2090	19
2095	16
2100	11
2105	11
2110	21
2115	21
2120	16
2125	17
2130	17
2135	10
2140	20
2145	16
2150	8
2155	16
2160	6
2165	15
2170	8
2175	10
2180	15
2185	20
2190	18
2195	11
2200	13
2205	11
2210	12
2215	14
2220	12
2225	10
2230	8
2235	11
2240	9
2245	19
2250	11
2255	7
2260	13
2265	13
2270	8
2275	11
2280	15
2285	6
2290	11
2295	6
2300	9
2305	8
2310	11
2315	11
2320	13
2325	9
2330	4
2335	10
2340	7
2345	10
2350	8
2355	6
2360	6
2365	6
2370	13
2375	5
2380	8
2385	9
2390	9
2395	9
2400	9
2405	11
2410	7
2415	4
2420	8
2425	5
2430	5
2435	11
2440	7
2445	17
2450	7
2455	6
2460	10
2465	10
2470	13
2475	11
2480	12
2485	10
2490	7
2495	12
2500	4
2505	8
2510	8
2515	3
2520	7
2525	7
2530	5
2535	8
2540	8
2545	7
2550	9
2555	10
2560	4
2565	9
2570	7
2575	10
2580	11
2585	7
2590	7
2595	5
2600	6
2605	4
2610	5
2615	12
2620	8
2625	5
2630	3
2635	3
2640	13
2645	2
2650	9
2655	6
2660	10
2665	6
2670	10
2675	9
2680	6
2685	5
2690	10
2695	7
2700	11
2705	10
2710	15
2715	5
2720	4
2725	10
2730	5
2735	6
2740	16
2745	6
2750	7
2755	5
2760	8
2765	5
2770	5
2775	6
2780	8
2785	7
2790	6
2795	8
2800	12
2805	7
2810	14
2815	10
2820	10
2825	7
2830	3
2835	11
2840	6
2845	14
2850	8
2855	11
2860	9
2865	8
2870	7
2875	6
2880	9
2885	8
2890	6
2895	9
2900	6
2905	5
2910	8
2915	3
2920	6
2925	6
2930	7
2935	10
2940	8
2945	5
2950	7
2955	7
2960	6
2965	7
2970	3
2975	11
2980	7
2985	4
2990	4
2995	8
3000	3
3005	6
3010	9
3015	8
3020	8
3025	3
3030	8
3035	10
3040	4
3045	9
3050	7
3055	6
3060	5
3065	7
3070	3
3075	2
3080	9
3085	5
3090	13
3095	6
3100	4
3105	5
3110	3
3115	7
3120	5
3125	11
3130	6
3135	5
3140	9
3145	5
3150	2
3155	7
3160	7
3165	7
3170	7
3175	6
3180	7
3185	7
3190	9
3195	4
3200	9
3205	6
3210	7
3215	5
3220	6
3225	7
3230	5
3235	6
3240	3
3245	10
3250	8
3255	7
3260	7
3265	10
3270	5
3275	7
3280	12
3285	4
3290	7
3295	5
3300	8
3305	1
3310	6
3315	5
3320	2
3325	8
3330	8
3335	7
3340	9
3345	3
3350	6
3355	7
3360	8
3365	3
3370	2
3375	10
3380	5
3385	5
3390	6
3395	3
3400	7
3405	7
3410	7
3415	2
3420	7
3425	3
3430	7
3435	8
3440	9
3445	4
3450	4
3455	7
3460	6
3465	9
3470	4
3475	8
3480	6
3485	2
3490	8
3495	3
3500	10
3505	8
3510	7
3515	7
3520	7
3525	5
3530	4
3535	4
3540	9
3545	5
3550	3
3555	7
3560	6
3565	4
3570	6
3575	9
3580	4
3585	2
3590	2
3595	4
3600	4
3605	5
3610	3
3615	10
3620	7
3625	5
3630	7
3635	2
3640	5
3645	2
3650	3
3655	2
3660	4
3665	3
3670	3
3675	6
3680	2
3685	7
3690	5
3695	4
3700	6
3705	8
3710	8
3715	12
3720	1
3725	4
3730	4
3735	9
3740	8
3745	4
3750	2
3755	6
3760	5
3765	7
3770	4
3775	3
3780	6
3785	6
3790	4
3795	3
3800	6
3805	5
3810	2
3815	5
3820	4
3825	9
3830	1
3835	4
3840	2
3845	4
3850	5
3855	2
3860	3
3865	8
3870	3
3875	2
3880	4
3885	3
3890	6
3895	4
3905	5
3910	2
3915	2
3920	2
3925	4
3930	4
3935	7
3940	2
3945	6
3950	3
3955	1
3960	7
3965	3
3970	3
3975	4
3980	3
3985	6
3990	3
3995	2
4000	5
4005	2
4010	4
4015	7
4020	2
4025	2
4035	2
4040	3
4045	8
4050	8
4055	5
4060	6
4065	2
4070	6
4075	5
4080	3
4085	7
4090	4
4095	4
4100	6
4105	1
4110	4
4115	4
4120	4
4125	3
4130	3
4135	8
4140	2
4145	2
4150	4
4155	7
4160	3
4165	5
4170	4
4175	3
4180	5
4185	8
4190	3
4195	6
4200	5
4205	1
4210	5
4215	7
4220	4
4225	5
4230	5
4235	7
4240	4
4250	2
4255	8
4260	7
4270	3
4275	2
4285	2
4290	3
4295	8
4300	3
4305	5
4310	4
4315	2
4320	2
4325	3
4330	6
4335	3
4340	2
4345	5
4350	1
4355	2
4360	1
4365	5
4370	3
4375	3
4380	2
4385	5
4390	5
4395	1
4400	3
4405	3
4410	4
4415	3
4420	3
4425	3
4430	2
4435	5
4440	2
4445	2
4450	2
4455	6
4460	2
4465	3
4470	4
4475	3
4480	6
4485	4
4495	2
4500	6
4510	5
4515	6
4520	8
4525	1
4530	5
4535	3
4540	2
4545	1
4550	1
4555	6
4560	5
4565	4
4570	8
4575	1
4580	3
4585	1
4590	6
4595	1
4600	2
4605	2
4610	1
4615	6
4620	3
4625	2
4630	4
4635	2
4640	5
4645	4
4650	4
4655	2
4660	3
4665	2
4670	2
4675	4
4680	1
4685	2
4695	1
4700	1
4705	1
4710	3
4715	4
4720	3
4725	1
4730	3
4735	1
4740	4
4745	4
4750	1
4755	7
4760	1
4765	2
4770	4
4775	5
4780	3
4785	1
4790	5
4800	3
4805	1
4810	3
4815	3
4820	4
4825	3
4830	3
4835	5
4840	4
4845	1
4850	2
4855	2
4860	4
4865	2
4870	3
4875	1
4880	3
4885	4
4890	3
4895	1
4900	3
4905	5
4910	2
4915	3
4920	2
4925	2
4930	2
4940	2
4950	1
4955	3
4960	3
4965	2
4970	2
4975	1
4980	3
4985	3
4990	1
5000	3
5005	4
5025	1
5030	2
5035	3
5040	2
5045	2
5050	1
5055	2
5060	2
5065	5
5070	3
5075	1
5080	2
5090	5
5095	2
5100	1
5110	1
5115	3
5120	4
5125	2
5135	3
5140	5
5145	2
5150	3
5155	3
5160	4
5165	3
5170	2
5180	2
5185	2
5190	2
5195	3
5200	2
5205	3
5210	5
5215	3
5220	2
5225	3
5230	4
5235	2
5240	2
5245	5
5250	2
5255	1
5260	2
5265	1
5270	4
5275	1
5280	1
5285	4
5290	4
5300	1
5305	3
5310	3
5315	5
5320	2
5325	5
5330	4
5335	3
5340	5
5345	1
5350	3
5360	2
5365	2
5370	2
5375	1
5380	1
5385	3
5390	3
5395	2
5405	1
5410	5
5420	1
5425	4
5430	3
5435	3
5440	1
5445	1
5450	2
5460	1
5465	1
5475	2
5480	1
5485	5
5490	2
5495	3
5500	1
5505	4
5510	4
5520	5
5525	2
5530	2
5540	1
5545	2
5550	1
5560	1
5565	2
5570	2
5575	3
5580	1
5585	1
5595	3
5600	2
5605	2
5610	6
5615	1
5620	3
5625	1
5630	2
5635	1
5640	1
5645	1
5650	1
5655	2
5660	3
5665	1
5680	4
5690	1
5695	2
5700	7
5705	3
5710	4
5715	2
5720	2
5725	2
5730	3
5735	1
5745	2
5750	2
5755	4
5760	2
5765	3
5770	3
5775	1
5790	3
5795	2
5800	3
5815	1
5820	4
5825	1
5830	1
5835	4
5840	1
5850	3
5860	1
5865	2
5870	2
5875	1
5885	1
5890	2
5895	1
5900	1
5905	2
5915	6
5920	2
5925	2
5930	2
5935	2
5940	1
5945	1
5950	1
5960	2
5965	4
5975	1
5980	4
5985	4
5990	4
5995	2
6010	2
6015	2
6020	1
6025	2
6030	1
6035	1
6040	2
6045	2
6050	2
6055	1
6060	1
6065	1
6075	6
6080	2
6085	2
6100	1
6105	2
6115	1
6135	2
6140	1
6150	1
6155	2
6170	2
6175	2
6180	1
6185	2
6195	2
6200	1
6215	1
6220	1
6225	1
6240	1
6245	3
6255	1
6260	2
6265	2
6270	1
6275	1
6280	1
6285	2
6295	1
6300	1
6305	2
6310	2
6315	1
6320	2
6325	4
6340	1
6350	1
6355	2
6360	1
6365	2
6370	1
6380	1
6390	1
6400	2
6405	2
6415	3
6420	2
6425	1
6430	4
6440	1
6445	1
6455	1
6460	2
6465	1
6475	1
6480	1
6485	1
6490	1
6505	1
6510	1
6515	2
6530	1
6535	3
6540	1
6545	1
6550	1
6555	1
6560	1
6565	4
6570	1
6575	1
6590	2
6595	2
6600	2
6605	1
6615	2
6625	2
6630	1
6645	1
6650	2
6670	1
6690	3
6695	1
6700	1
6710	1
6725	1
6735	1
6745	3
6750	1
6755	1
6760	1
6770	1
6775	1
6780	2
6795	1
6800	1
6805	1
6815	3
6820	1
6825	1
6835	2
6850	2
6855	1
6860	3
6875	3
6900	1
6905	2
6910	1
6920	2
6925	2
6930	2
6935	1
6945	1
6960	1
6965	2
6970	3
6980	1
6985	2
7010	2
7015	1
7020	1
7025	3
7030	1
7035	1
7045	1
7050	2
7055	2
7065	2
7085	1
7090	1
7095	1
7105	1
7110	1
7115	1
7120	2
7130	2
7135	2
7140	1
7145	1
7155	1
7185	1
7190	2
7200	1
7215	2
7230	1
7240	1
7245	1
7260	2
7265	1
7285	1
7295	3
7300	1
7305	1
7310	1
7315	2
7320	1
7325	1
7335	3
7375	1
7390	1
7395	2
7400	1
7405	1
7415	3
7420	1
7430	1
7450	2
7465	1
7490	2
7500	2
7505	1
7510	2
7535	1
7540	1
7550	1
7560	1
7565	2
7570	1
7575	1
7580	1
7585	1
7590	1
7595	1
7605	1
7610	1
7615	2
7630	2
7635	1
7640	1
7645	1
7650	1
7655	2
7660	1
7665	1
7685	1
7690	1
7695	2
7710	1
7720	1
7725	1
7745	1
7750	1
7780	1
7790	1
7795	1
7835	1
7840	1
7855	1
7865	1
7880	1
7890	1
7905	1
7910	1
7920	1
7930	1
7935	1
7950	1
7960	1
7965	1
7970	1
7990	1
8015	1
8025	1
8080	1
8090	1
8095	1
8105	1
8110	1
8115	2
8165	1
8170	1
8190	1
8200	2
8220	1
8235	1
8265	1
8305	1
8325	1
8335	1
8380	1
8390	2
8445	1
8460	1
8470	1
8475	1
8495	2
8515	1
8550	1
8555	1
8600	1
8635	3
8670	2
8800	1
8805	1
8820	2
8850	1
8855	2
8895	1
8910	1
8935	1
8945	1
8955	1
9000	1
9010	1
9025	1
9115	2
9120	1
9180	1
9195	1
9210	1
9290	2
9330	1
9340	1
9345	1
9350	1
9370	1
9395	1
9410	1
9505	1
9545	1
9550	1
9555	1
9595	1
9600	1
9690	1
9750	1
9790	1
9815	1
9825	1
9855	1
10025	1
10150	1
10175	1
10190	1
10240	1
10255	1
10490	1
10495	1
10515	1
10615	1
10685	1
10785	1
10815	1
10825	1
10980	1
11065	1
11110	1
11130	1
11150	1
11155	1
11255	1
11425	1
11530	1
11650	1
11970	1
12075	1
12205	1
12215	1
12295	1
12435	1
